.355
.353
.401
.361
.304
.316
.394
.258
.378
.354
.412
.330
.380
.348
.366
.391
.403
.331
.359
.429
.379
.257
.345
.401
.412
.292
.415
.245
.380
.426
.307
.352
.381
.382
.414
.314
.244
.403
.367
.339
.277
.339
.352
.394
.353
.347
.385
.389
.405
.364
.352
.000
.346
.254
.399
.373
.231
.352
.306
.407
.335
.048
.200
.390
.374
.365
.286
.383
.394
.326
.286
.358
.367
.375
.399
.143
.398
.399
.366
.243
.571
.424
.385
.385
.453
.350
.000
.372
.375
.344
.378
.352
.344
.351
.424
.317
.381
.375
.317
.308
.320
.182
.000
.287
.341
.287
.446
.389
.407
.379
.354
.386
.330
.361
.347
.400
.420
.377
.316
.356
.335
.452
.355
.355
.354
.380
.000
.413
.374
.416
.339
.359
.344
.267
.389
.391
.432
.314
.389
.370
.350
.233
.340
.387
.188
.445
.375
.382
.315
.435
.388
.358
.351
.419
.207
.222
.366
.388
.240
.000
.383
.397
.493
.400
.308
.517
.333
.367
.369
.336
.357
.390
.332
.363
.348
.333
.341
.399
.356
.329
.384
.284
.435
.310
.352
.342
.358
.400
.203
.335
.322
.402
.399
.000
.331
.296
.376
.394
.413
.256
.349
.460
.430
.422
.375
.205
.385
.336
.299
.333
.333
.373
.361
.591
.404
.143
.378
.330
.324
.319
.418
.344
.356
.279
.390
.312
.404
.266
.364
.280
.286
.332
.000
.405
.429
.000
.377
.406
.358
.222
.333
.143
.333
.402
.500
.367
.279
.360
.000
.388
.327
.327
.316
.388
.333
.333
.376
.391
.286
.382
.388
.385
.600
.383
.192
.364
.379
.333
.308
.250
.000
.259
.345
.293
.250
.000
.328
.278
.130
.368
.281
.370
.400
.000
.363
.358
.286
.330
.297
.280
.336
.387
.418
.376
.235
.362
.000
.365
.322
.335
.500
.294
.357
.314
.327
.260
.406
.387
.352
.286
.377
.321
.326
.375
.376
.541
.286
.414
.227
.299
.250
.369
.352
.000
.287
.667
.306
.400
.231
.231
.282
.347
.341
.000
.308
.444
.356
.381
.346
.284
.289
.351
.348
.222
.000
.375
.333
.294
.296
.346
.326
.331
.333
.413
.348
.333
.375
.333
.000
.241
.365
.000
.197
.386
.350
.324
.194
.600
.500
.352
.234
.667
.302
.425
.381
.475
.264
.297
1.000
.346
.390
1.000
.244
.200
.415
.378
.308
.342
.344
.357
.333
.324
.154
.367
.298
.447
.292
.391
.215
.250
.000
.304
.000
.135
.250
.300
.231
.294
.308
.352
.000
.292
.301
.337
.283
.444
.115
.278
.286
.350
.167
.237
.247
.188
.259
.368
.250
.258
.378
.250
.071
.273
.308
.351
.280
.316
.270
.375
.000
.231
.000
.316
.190
.231
.250
.176
.311
.000
.333
.333
.278
.000
.000
.000
.214
.400
.167
.500
.207
.000
.000
.091
.333
.231
.189
.000
.310
.185
.000
.222
.350
.292
.417
.500
.333
.231
.357
.174
.500
.000
.333
.375
.000
.000
.375
.000
.200
.143
1.000
.111
.500
.000
.235
.000
.150
.500
.000
.375
.429
.000
.000
.000
.286
.000
.000
.167
.200
.364
.200
.000
.000
.000
.000
.133
.000
.000
.000
.000
.000
.000
.000
.000