Z(5)
S(10)
Z(0)
J(1,2,5)
J(2,3,6)
J(3,6,7)
J(6,7,8)
J(7,8,9)
J(8,11,10)
J(11,12,11)
J(12,13,98)
J(1,5,14)
T(10,1)
J(2,5,16)
T(10,2)
J(3,5,18)
T(10,3)
J(6,5,20)
T(10,6)
J(7,5,22)
T(10,7)
J(8,5,24)
T(10,8)
J(11,5,26)
T(10,11)
J(12,5,28)
T(10,12)
J(13,5,30)
T(10,13)
J(1,10,40)
J(2,10,40)
J(3,10,40)
J(6,10,40)
J(7,10,40)
J(8,10,40)
J(11,10,40)
J(12,10,40)
J(13,10,40)
J(1,2,1000)
S(0)                              
J(7,5,43)
J(13,10,77)
J(8,5, 45)
J(12,10,77)
J(2,5,47)
J(13,10,77)
J(3,5, 49)
J(12,10,77)
J(2,5,51)
J(8,10,77)
J(3,5, 53)
J(7,10,77)
J(6,5,55)
J(13,10,77)
J(8,5, 57)
J(11,10,77)
J(1,5,59)
J(13,10,77)
J(3,5, 61)
J(11,10,77)
J(1,5,63)
J(8,10,77)
J(3,5, 65)
J(6,10,77)
J(6,5,67)
J(12,10,77)
J(7,5, 69)
J(11,10,77)
J(1,5,71)
J(12,10,77)
J(2,5, 73)
J(12,10,77)
J(1,5,75)
J(7,10,77)
J(2,5,1000)
J(6,10, 77)
S(0)
J(1,5,81)
J(7,5,81)
J(13,10,96)
J(2,5,84)
J(8,5,84)
J(11,10,96)
J(3,5,87)
J(12,5,87)
J(6,10,96)
J(3,5,90)
J(7,5,90)
J(11,10,96)
J(2,5,93)
J(6,5,93)
J(13,10,96)
J(1,5,1000)
J(12,5,1000)
J(8,10,96)
S(0)
J(5,100,1000)
S(0)

