»сходные данные:
 4    5    9    5    6    14   
 8    12   4    13   16   15   
 2    15   6    10   17   7    
 14   8    4    9    5    6    
 3    5    4    12   10   11   
 10   9    11   5    6    12   
ѕредварительный этап операци€1 :
 0    1    5    1    2    10   
 4    8    0    9    12   11   
 0    13   4    8    15   5    
 10   4    0    5    1    2    
 0    2    1    9    7    8    
 5    4    6    0    1    7    
ѕредварительный этап операци€2 :
 0    0    5    1    1    8    
 4    7    0    9    11   9    
 0    12   4    8    14   3    
 10   3    0    5    0    0    
 0    1    1    9    6    6    
 5    3    6    0    0    5    
Ётап1 итерации :
 ф    0*   5    1    1    8    
 4    7    0*   9    11   9    
 0*   12   4    8    14   3    
 10   3    ф    5    0*   ф    
 ф    1    1    9    6    6    
 5    3    6    0*   ф    5    
Ётап2 итерации :
 ф    0*   5    1    1    8    
 4    7    0*   9    11   9    
 0*   12   4    8    14   3      *
 10   3    ф    5    0*   ф    
 ф    1    1    9    6    6      *
 5    3    6    0*   ф    5    
 *                             
Ётап3 итерации :
 1    0    5    1    1    8    
 5    7    0    9    11   9    
 0    11   3    7    13   2    
 11   3    0    5    0    0    
 0    0    0    8    5    5    
 6    3    6    0    0    5    
Ётап1 итерации :
 1    0*   5    1    1    8    
 5    7    0*   9    11   9    
 0*   11   3    7    13   2    
 11   3    ф    5    0*   ф    
 ф    ф    ф    8    5    5    
 6    3    6    0*   ф    5    
Ётап2 итерации :
 1    0*   5    1    1    8      *
 5    7    0*   9    11   9      *
 0*   11   3    7    13   2      *
 11   3    ф    5    0*   ф    
 ф    ф    ф    8    5    5      *
 6    3    6    0*   ф    5    
 *    *    *                   
Ётап3 итерации :
 1    0    5    0    0    7    
 5    7    0    8    10   8    
 0    11   3    6    12   1    
 12   4    1    5    0    0    
 0    0    0    7    4    4    
 7    4    7    0    0    5    
Ётап1 итерации :
 1    ф    5    0*   ф    7    
 5    7    0*   8    10   8    
 0*   11   3    6    12   1    
 12   4    1    5    ф    0*   
 ф    0*   ф    7    4    4    
 7    4    7    ф    0*   5    
ќптимальное решение :28
