540
1
3
5 
9
15
19 
23 
25 
41 
45 
57 
69 
75 
95 
115 
123 
171 
205 
207 
225 
285 
345 
361 
369 
437 
475 
529 
575 
615
779 
855 
943 
1025 
1035 
1083 
1311 
1425 
1587 
1681 
1725 
1805 
1845 
2185 
2337 
2645 
2829 
3075 
3249 
3895 
3933 
4275
4715 
4761 
5043 
5175 
5415 
6555 
7011 
7935 
8303 
8405 
8487 
9025 
9225 
10051 
10925 
11685 
12167 
13225 
14145 
14801
15129 
16245 
17917 
19475 
19665 
21689 
23575 
23805 
24909 
25215 
27075 
30153 
31939 
32775 
35055 
36501 
38663 
39675
41515 
42025 
42435 
44403 
50255 
53751 
58425 
60835 
65067 
68921 
70725 
74005 
74727 
75645 
81225 
89585 
90459
95817
98325 
108445 
109503 
115989 
119025 
124545 
126075 
133209 
150765 
159695 
161253 
175275 
182505 
190969 
193315
195201
206763
207575
212175 
222015
231173
251275 
268755 
287451 
304175 
325335
340423 
344605 
347967 
370025 
373635 
378225
412091 
447925 
452295 
479085 
498847 
542225 
547515 
572907 
579945 
606841 
620289 
622725 
666045 
693519 
734597
753825 
798475 
806265 
889249
912525 
954845 
966575 
976005 
1021269 
1033815
1110075 
1155865 
1236273 
1309499 
1343775 
1437255 
1496541 
1585183 
1626675 
1702115 
1718721 
1723025 
1739835 
1820523 
1868175 
2060455 
2080557 
2203791 
2261475 
2395425
2494235 
2667747 
2737575 
2825761 
2864535 
2899725 
3034205 
3063807 
3101445 
3330225
3467595 
3672985 
3708819 
3928497 
4031325 
4392287 
4446245 
4489623 
4755549 
4774225 
4880025 
5106345 
5169075 
5461569 
5779325 
6181365 
6547495 
6611373 
7186275 
7482705 
7829729 
7925915 
8003241 
8477283 
8510575 
8593605 
8699175 
9102615 
9478093 
10302275 
10402785 
11018955 
11785491 
12471175 
13176861 
13338735 
13957343 
14128805 
14266647 
14322675 
15171025 
15319035 
15507225   
16895731 
17337975 
18364925 
18544095 
19642485 
20452727 
21961435 
22231225 
22448115 
23489187 
23777745 
24880481 
25431849 
25531725 
27307845 
28434279 
30118477 
30906825 
32737475 
33056865 
36459209
37413525 
39148645 
39530583 
39629575 
40016205 
41872029 
42386415 
42968025 
45513075 
47390465 
50687193 
52013925 
53689459 
55094775 
58927455 
61358181 
64992503 
65884305
66693675
69786715
70467561 
70644025 
71333235 
74641443 
76595175 
84478655 
85302837 
90355431 
92720475 
98212425 
102263635 
109377627 
109807175 
112240575 
117445935 
118888725 
124402405
125616087
127159245 
136539225 
142171395  
150592385 
152061579 
161068377 
165284325
180083767 
182296045 
184074543 
194977509 
195743225 
197652915
200081025
209360145 
211932075 
223924329 
236952325 
253435965 
268447295 
271066293 
294637275 
306790905 
321018889 
324962515 
328132881 
329421525 
348933575 
352337805 
356666175 
373207215 
388601813 
422393275 
426514185 
451777155 
483205131 
511318175 
540251301 
546888135 
572251063 
584932527 
587229675 
622012025 
628080435 
635796225 
692724971 
710856975
752961925 
760307895 
805341885 
838561807 
900418835 
911480225 
920372715 
963056667 
974887545 
988264575 
1020099721 
1046800725
1119621645  
1165805439
1234857557
1267179825
1342236475 
1355331465 
1494827569 
1533954525 
1605094445 
1620753903 
1624812575 
1640664405 
1716753189 
1761689025 
1866036075
1943009065 
2078174913 
2132570925 
2258885775 
2416025655 
2515685421 
2701256505  
2734440675 
2861255315
2889170001 
2924662635 
3060299163 
3140402175 
3463624855 
3497416317 
3704572671
3801539475 
4026709425 
4192809035 
4484482707 
4502094175 
4601863575 
4815283335 
4874437725 
5100498605 
5150259567 
5598108225 
5829027195  
6174287785 
6234524739 
6776657325 
7383434447 
7474137845 
7547056263 
8025472225 
8103769515 
8203322025 
8583765945 
9180897489 
9715045325 
10390874565 
11113718013 
12080128275 
12578427105 
13161774449 
13453448121
13506282525 
14306276575 
14445850005
14623313175 
15301495815 
15932674333 
17318124275 
17487081585 
18522863355 
20964045175 
22150303341 
22422413535  
23462293583 
24076416675 
25502493025 
25751297835 
28401723811 
29145135975 
30871438925 
31172623695 
34381034087 
36917172235 
37370689225 
37735281315 
39485323347 
40518847575 
42918829725 
45904487445 
47798022999 
51954372825 
55568590065 
62892135525 
65808872245 
66450910023 
67267240605 
70386880749 
72229250025 
76507479075 
79663371665 
85205171433 
87435407925   
92614316775
103143102261 
110751516705 
112112067675
117311467915 
118455970041 
128756489175 
142008619055 
143394068997 
155863118475 
171905170435 
184585861175 
188676406575 
197426616735 
211160642247 
229522437225
238990114995 
255615514299 
277842950325 
302720812327 
309429306783 
329044361225 
332254550115 
336336203025 
351934403745 
398316858325 
426025857165 
515715511305 
539632752409 
553757583525 
586557339575 
592279850205 
653239647653 
710043095275 
716970344985 
859525852175 
908162436981 
987133083675 
1055803211235 
1194950574975 
1278077571495 
1513604061635 
1547146533915 
1618898257227 
1661272750575 
1759672018725 
1959718942959 
2130129285825 
2578577556525 
2698163762045 
2724487310943 
2961399251025 
3266198238265   
3584851724925 
4540812184905 
4856694771681 
5279016056175 
5879156828877 
6390387857475 
7568020308175 
7735732669575 
8094491286135 
9798594714795 
12411553305407 
13490818810225 
13622436554715 
16330991191325 
22704060924525
24283473858405 
29395784144385 
37234659916221 
40472456430675 
48992973573975 
62057766527035 
68112182773575 
111703979748663
121417369292025 
146978920721925
186173299581105 
310288832635175 
558519898743315 
930866497905525 
2792599493716575