59
1297
5651
6959
10799
12547
15161
16223
16417
17681
18541
20411
23563
26591
27943
28513
36981361
161126963
198421967
307911887
357752611
432285593
462566399
468097921
504138353
528659533
581978843
671851819
758189183
796738759
812991169
1054449546193
4594213096019
5657605545071
8779491634031
10200600197443
12325759113209
13189155734687
13346876021473
14374496859089
15073669264429
16593962750459
19156510915147
21618248174879
22717412235367
23180817201697
30065519910601009
130994798006789747
161315306906609423
250329644961125903
290849713429692259
351444369594928217
376062397463130431
380559476000259649
409860028943204657
429795531736664077
473143659903837467
546209595723586411
616401110210324927
196708423126676569286001022355850789704717014605805349202544575890563591254090079162973668806152370560989633700137089767703775820200092605536123071613442454080946743909994972297960260325884838413934893551073244410428771253965567859
