.444
.455
.463
.437
.553
.463
.478
.472
.470
.489
.508
.503
.450
.493
.449
.463
.450
.477
.453
.583
.451
.531
.412
.583
.439
.480
.497
.402
.472
.472
.415
.427
.425
.481
.447
.528
.455
.536
.471
.477
.460
.457
.416
.429
.455
.471
.469
.493
.438
.425
.452
.580
.456
.540
.467
.382
.546
.418
.490
.423
.477
.530
.495
.413
.450
.489
.552
.500
.469
.438
.580
.407
.441
.406
.495
.557
.434
.442
.462
.352
.621
.434
.512
.430
.453
.439
.693
.440
.450
.474
.384
.585
.425
.403
.486
.394
.460
.409
.369
.437
.402
.467
.629
.497
.430
.466
.470
.428
.581
.448
.394
.567
.424
.415
.375
.482
.453
.420
.436
.417
.451
.495
.401
.410
.564
.413
.648
.408
.455
.461
.376
.618
.457
.465
.478
.512
.427
.435
.405
.500
.450
.425
.470
.443
.326
.482
.403
.431
.392
.482
.383
.428
.480
.481
.534
.388
.458
.417
.524
.649
.437
.450
.506
.491
.388
.485
.592
.447
.462
.446
.476
.505
.384
.427
.399
.420
.439
.435
.448
.378
.418
.434
.488
.425
.531
.423
.450
.444
.439
.442
.430
.430
.445
.742
.450
.403
.466
.414
.453
.638
.397
.516
.484
.509
.404
.545
.467
.455
.404
.566
.453
.461
.510
.596
.410
.617
.459
.412
.437
.440
.444
.443
.421
.333
.435
.545
.466
.427
.444
.527
.451
.399
.611
.428
.500
.666
.426
.462
.466
.393
.402
.572
.623
.445
.545
.416
.389
.389
.560
.431
.347
.385
.457
.435
.518
.412
.411
.431
.401
.489
.456
.427
.729
.448
.495
.396
.459
.684
.417
.669
.543
.444
.462
.427
.483
.615
.418
.453
.471
.471
.446
.462
.667
.554
.448
.415
.451
.422
.394
.455
.409
.429
.430
.448
.576
.414
.778
.466
.472
.421
.637
.516
.425
.322
.359
.392
.426
.446
.415
.390
.433
.393
.405
.468
.392
.440
.584
.509
.532
.400
.432
.426
.388
.500
.439
.593
.404
.438
.456
.551
.474
.414
.416
.526
.467
.500
.448
.412
.368
.348
.380
.479
.394
.680
.624
.471
.412
.396
.341
.462
.461
.455
.492
.429
.460
.406
.312
.464
.727
.354
.423
.701
.404
.455
.351
.371
.508
.545
.500
.504
.430
.429
.352
.416
.467
.487
.430
.326
.642
.401
.408
.667
.372
.350
.396
.407
.422
.338
.482
.423
.648
.414
.591
.446
.432
.488
.311
.409
.427
.370
.510
.420
.569
.518
.291
.357
.500
.340
.439
.398
.630
.355
.395
.368
.414
.526
.358
.500
.346
.419
.286
.430
.394
.290
.494
.375
.500
.347
.408
.412
.367
.500
.348
.373
.336
.328
.398
.273
.786
.324
.571
.426
.467
.354
.345
.465
.380
.559
.281
.364
.419
.667
.615
.469
.276
.429
.353
.649
.263
.500
.500
.318
.250
.357
.344
.667
.417
.350
.521
.216
.468
.373
.484
.357
.435
.310
.294
.241
.441
.333
.316
.414
.500
.400
.441
.000
.361
.333
.833
.273
.472
.478
.200
.000
.259
.692
.400
.577
.400
.250
.600
1.000
.312
.400
.778
.400
.250
.414
.294
.250
.286
.000
.300
.176
.500
.500
.308
.250
.000
.000
.000
.000