100
10 15 13 13 10 12 14 15 11 11 14 10 12 11 12 11 15 13 12 12 11 14 15 14 10 14 11 11 13 11 10 10 12 14 10 11 10 10 12 12 11 12 11 12 15 12 11 14 14 10 15 12 12 11 14 15 11 11 11 12 11 10 11 11 13 14 11 12 13 13 12 11 10 11 12 14 14 15 11 10 11 11 15 15 14 15 10 11 12 13 13 14 10 12 13 14 11 15 13 14 
2931
23 66
66 93
93 27
27 39
39 69
69 59
59 8
8 56
56 74
74 68
68 97
97 49
49 14
14 50
50 40
40 51
51 80
80 19
19 57
57 31
31 87
87 41
41 24
24 25
25 1
1 5
5 6
6 42
42 12
12 11
11 4
4 54
54 32
32 10
10 2
2 17
17 9
9 70
70 78
78 67
67 34
34 21
21 35
35 37
37 71
71 47
47 44
44 13
13 58
58 73
73 95
95 36
36 76
76 28
28 18
18 20
20 83
83 75
75 65
65 61
61 81
81 38
38 99
99 91
91 84
84 88
88 72
72 100
100 33
33 82
82 60
60 16
16 52
52 90
90 53
53 64
64 15
15 79
79 30
30 7
7 29
29 77
77 26
26 85
85 86
86 94
94 45
45 89
89 98
98 55
55 92
92 96
96 22
22 48
48 43
43 46
46 63
63 3
3 62
23 62
53 15
15 31
31 32
32 95
95 89
89 91
91 33
33 6
6 9
9 100
100 84
84 23
23 52
52 22
22 26
26 11
11 37
37 49
49 82
82 86
86 68
68 35
35 13
13 19
19 3
3 42
42 38
38 78
78 54
54 25
25 41
41 94
94 30
30 18
18 88
88 5
5 29
29 43
43 72
72 63
63 36
36 93
93 16
16 27
53 27
80 82
82 92
92 8
8 64
64 25
25 26
26 47
47 73
73 51
51 49
49 87
87 58
58 71
71 22
22 60
60 12
12 74
74 9
9 13
13 11
11 85
85 67
80 67
89 5
5 87
87 71
71 28
28 51
89 51
36 9
9 92
92 19
19 93
93 91
91 60
60 14
14 96
96 98
98 12
12 76
76 18
18 27
27 100
100 95
95 10
10 66
66 49
49 11
11 62
36 62
88 13
13 33
33 72
72 56
56 15
15 18
18 83
83 94
94 28
28 16
16 2
2 68
68 91
91 76
76 71
71 17
17 7
88 7
22 95
95 85
85 15
15 38
38 69
69 48
48 47
22 47
96 100
100 47
47 95
95 99
99 45
45 32
96 32
53 48
48 81
81 44
44 45
45 17
17 60
60 49
49 39
39 65
65 92
92 26
26 21
21 1
1 68
68 87
87 14
14 11
53 11
4 53
53 92
92 91
91 39
39 30
30 34
34 61
61 9
9 76
76 5
5 25
25 45
45 68
68 11
11 1
1 58
58 38
38 70
70 60
60 88
88 81
81 43
43 24
24 46
46 7
4 7
69 17
17 55
55 61
61 35
35 14
14 5
5 70
70 57
57 27
27 85
85 84
84 78
69 78
68 82
82 29
29 62
62 94
94 7
7 14
14 92
68 92
18 82
82 58
58 80
80 65
65 27
27 55
55 57
57 66
66 7
7 77
77 3
3 98
98 30
30 97
97 41
41 100
100 35
35 96
96 40
40 44
44 88
88 86
86 54
54 14
14 25
25 29
29 64
64 94
94 19
18 19
81 93
93 51
51 45
45 38
38 66
66 69
69 63
63 40
40 7
7 41
41 82
82 95
95 68
68 71
71 64
64 17
17 23
23 83
83 42
42 56
56 50
50 89
89 37
37 55
55 52
52 86
86 21
21 90
90 70
70 98
98 54
54 24
24 65
65 85
81 85
66 42
42 36
36 15
15 83
83 58
58 96
96 50
50 93
93 76
76 95
95 14
14 41
41 72
72 82
82 7
7 60
60 84
84 6
6 88
88 31
31 35
35 92
92 99
99 37
37 69
69 32
32 67
67 1
1 43
43 90
90 54
54 19
19 62
62 24
24 3
3 91
91 48
48 63
63 74
74 71
71 4
4 73
66 73
60 74
74 67
67 27
27 72
72 11
60 11
14 81
81 50
50 41
41 95
95 44
44 15
15 40
40 65
14 65
45 95
95 83
83 4
4 17
17 13
13 16
16 12
45 12
52 75
75 72
72 60
60 42
42 77
77 94
94 15
15 62
62 76
52 76
75 18
18 55
55 83
83 65
65 5
5 68
68 73
73 6
6 15
75 15
16 48
48 57
57 24
24 63
16 63
42 49
49 76
76 14
14 9
9 91
91 18
18 41
41 65
65 87
87 79
79 8
8 54
54 50
50 83
83 12
12 5
5 99
99 55
55 77
77 62
62 17
17 38
38 26
26 23
23 35
35 2
2 100
100 86
86 13
13 61
61 98
98 16
16 6
6 7
7 11
42 11
29 6
6 35
35 80
80 44
44 1
1 8
8 5
5 43
43 42
42 88
88 9
9 41
41 90
90 68
68 96
96 89
89 100
100 58
58 56
56 70
70 18
18 73
73 98
98 49
49 83
83 57
57 52
52 34
34 63
63 92
92 22
22 82
82 37
37 50
50 36
36 78
78 21
21 66
29 66
77 14
14 97
97 83
83 91
91 23
23 54
54 94
94 25
25 69
69 87
77 87
20 67
67 36
36 39
39 34
34 89
20 89
35 89
89 36
36 96
96 93
93 34
34 51
51 42
42 76
76 67
67 44
35 44
70 26
26 27
27 96
96 69
69 35
35 33
33 54
54 21
21 28
28 73
73 46
46 99
70 99
74 70
70 45
45 20
20 95
74 95
27 6
6 36
36 75
75 97
97 66
66 43
27 43
50 27
27 87
87 63
63 100
100 10
10 78
78 1
1 18
18 74
74 98
98 13
13 4
50 4
77 76
76 40
40 56
56 37
37 72
72 73
73 50
50 74
74 79
79 52
52 47
47 49
77 49
50 49
49 90
90 23
23 95
95 12
12 4
4 38
38 96
96 34
34 14
14 69
50 69
6 61
61 17
17 20
20 3
3 34
34 18
18 60
60 5
5 63
63 64
64 32
6 32
71 99
99 9
9 26
26 56
56 97
71 97
98 52
52 10
10 81
81 25
25 46
46 84
84 62
98 62
14 71
71 88
88 27
27 5
5 35
35 46
46 85
85 37
37 98
98 1
1 73
73 9
9 58
58 67
67 57
14 57
56 25
25 28
28 31
31 9
9 46
46 54
56 54
59 50
50 31
31 11
11 99
99 20
20 84
84 36
36 73
73 77
77 35
35 94
94 78
78 6
6 90
90 24
24 82
82 75
59 75
48 54
54 7
7 90
90 32
32 50
50 95
95 13
13 73
48 73
1 72
72 20
20 92
92 40
40 97
1 97
10 98
98 66
66 75
75 89
89 38
38 91
91 49
10 49
44 25
25 51
51 60
60 36
36 37
37 46
46 26
44 26
72 87
87 26
26 78
78 52
52 11
11 92
72 92
33 39
39 5
5 19
19 44
44 97
97 27
27 94
94 17
17 11
11 28
28 9
9 52
52 1
1 85
33 85
93 70
70 87
87 4
4 92
93 92
75 78
78 86
86 57
57 38
38 85
85 35
75 35
22 62
62 97
97 65
65 96
96 30
30 15
15 29
29 50
50 9
9 19
19 95
95 66
22 66
40 78
78 25
25 92
92 97
97 70
70 1
1 41
41 89
40 89
31 49
49 7
7 58
58 39
31 39
49 6
6 85
85 94
94 32
32 14
14 79
79 54
49 54
8 88
88 17
17 83
83 31
31 98
98 77
77 34
8 34
1 93
93 12
12 51
51 100
100 14
14 26
26 97
97 50
50 48
1 48
81 60
60 98
98 84
84 1
1 23
81 23
23 16
16 53
53 19
19 46
23 46
28 2
2 21
21 50
50 58
58 77
77 60
60 78
78 12
12 35
35 20
20 44
28 44
30 82
82 89
89 61
61 59
59 24
24 72
30 72
90 15
15 4
4 78
78 51
51 39
39 98
90 98
10 45
45 24
24 96
96 41
41 13
13 85
10 85
51 85
85 45
45 84
84 44
51 44
23 88
88 45
45 1
1 4
4 42
42 14
14 59
59 92
92 71
71 26
26 73
73 49
49 89
23 89
24 5
5 2
2 88
88 19
19 40
40 9
9 25
25 48
48 75
75 56
56 64
64 16
24 16
16 70
70 96
96 91
91 55
55 2
2 85
85 39
16 39
54 43
43 52
52 25
25 47
47 37
54 37
11 23
23 71
71 30
30 21
21 91
91 19
11 19
10 37
37 40
40 87
87 67
67 90
10 90
46 15
15 28
28 57
57 96
96 60
60 58
58 81
81 34
34 59
59 2
2 80
80 55
55 94
94 49
49 1
1 38
46 38
11 94
94 46
46 48
48 38
11 38
62 5
5 57
57 16
16 45
45 78
78 76
76 41
41 19
19 51
51 83
62 83
63 91
91 46
46 55
55 78
78 56
56 24
24 42
42 93
93 26
26 41
41 62
62 59
63 59
2 47
47 38
38 37
37 74
2 74
86 33
33 90
90 45
45 72
86 72
67 97
97 17
17 100
100 74
74 89
89 70
70 84
84 7
7 73
73 35
35 45
45 8
8 26
67 26
1 12
12 18
18 25
25 86
86 90
90 3
3 29
29 84
84 42
42 17
17 77
77 11
11 2
2 62
62 72
72 79
79 50
50 64
64 46
46 53
1 53
93 48
48 99
99 97
97 35
93 35
13 77
77 37
37 27
27 91
91 94
94 59
13 59
17 57
57 92
92 1
1 66
17 66
63 31
31 8
8 73
73 52
63 52
56 52
52 59
59 71
71 7
7 53
56 53
48 42
42 67
67 65
65 78
48 78
98 2
2 94
94 24
24 51
51 22
22 79
79 26
26 64
64 100
98 100
25 37
37 73
73 97
97 47
47 93
25 93
83 69
69 4
4 34
34 24
24 27
27 62
62 45
83 45
91 51
51 4
4 76
76 79
79 28
91 28
64 72
72 42
42 100
100 61
61 67
67 5
5 21
21 25
25 43
43 38
38 40
40 24
24 11
64 11
6 47
47 51
51 55
55 60
6 60
48 7
7 99
99 39
39 53
53 9
48 9
54 47
47 36
36 69
69 31
31 22
22 65
65 18
18 7
7 25
25 53
54 53
53 71
71 94
94 16
16 74
74 69
69 91
91 65
65 42
42 22
22 24
24 30
30 10
10 48
48 66
66 39
39 62
62 31
31 45
45 55
53 55
95 63
63 54
54 71
71 89
89 43
43 7
7 51
95 51
99 13
13 79
79 49
49 22
22 83
83 41
41 48
48 23
23 70
70 67
67 10
10 5
5 69
69 45
45 2
99 2
19 100
100 15
15 59
59 79
19 79
80 37
37 61
61 62
62 90
90 65
65 11
11 47
47 34
34 57
80 57
13 29
29 48
48 45
45 56
56 57
57 94
13 94
13 14
14 53
53 76
76 2
13 2
14 6
6 94
94 84
84 31
31 37
37 22
14 22
91 20
20 78
78 15
15 7
91 7
38 41
41 46
46 71
71 67
38 67
52 69
69 62
62 20
20 93
52 93
61 26
26 63
63 97
97 16
16 87
87 54
54 35
35 91
91 14
14 2
61 2
44 12
12 73
73 83
83 48
48 35
35 11
11 33
33 99
99 93
93 40
40 8
8 30
30 46
46 39
44 39
74 76
76 69
69 93
93 100
100 32
32 91
91 59
59 38
74 38
88 65
65 6
6 8
8 84
84 96
88 96
32 73
73 94
94 95
95 86
86 42
42 62
62 64
64 48
32 48
17 29
29 89
89 32
32 97
97 82
17 82
84 69
69 34
34 64
64 40
40 5
5 41
41 98
98 8
8 60
60 47
47 58
84 58
51 61
61 64
64 20
20 81
51 81
15 43
43 77
77 39
39 11
11 78
78 99
99 81
81 1
15 1
55 67
67 35
35 62
62 4
4 79
79 92
92 61
61 46
46 65
65 58
58 27
27 75
75 32
55 32
93 43
43 56
56 80
80 72
72 90
90 69
69 28
93 28
50 34
34 62
62 46
46 57
50 57
55 8
8 83
83 56
56 33
33 37
37 19
19 64
55 64
97 29
29 2
2 7
7 13
97 13
100 1
1 6
6 87
87 18
18 10
10 8
8 43
43 22
100 22
46 58
58 2
2 34
34 66
66 54
54 93
93 29
29 90
90 36
36 88
46 88
79 16
16 86
86 9
9 69
69 2
2 96
96 11
11 81
81 73
79 73
5 48
48 70
70 12
12 66
5 66
3 92
92 10
10 94
94 97
97 95
95 52
52 80
80 45
45 11
11 90
90 66
66 74
74 61
61 86
86 89
3 89
93 57
57 77
77 100
100 26
26 7
7 31
93 31
53 80
80 30
30 51
51 18
18 59
53 59
52 37
37 2
2 71
71 36
36 74
74 3
3 61
61 84
84 40
40 99
52 99
84 38
38 79
79 100
100 5
5 59
84 59
40 11
11 66
66 8
8 13
40 13
20 30
30 67
67 33
33 97
97 25
20 25
16 73
73 17
17 24
24 89
16 89
82 36
36 52
52 54
54 18
18 38
38 80
80 5
82 5
64 36
36 21
21 84
84 56
56 23
23 44
64 44
15 89
89 42
42 68
68 32
15 32
70 14
14 15
15 52
52 67
67 83
70 83
25 72
72 85
85 8
8 95
25 95
99 17
17 79
79 97
97 34
34 26
99 26
44 93
93 82
82 46
46 83
83 47
47 9
44 9
70 95
95 58
58 93
93 15
15 11
11 36
36 43
70 43
85 58
58 97
97 12
12 29
29 18
18 42
42 41
41 30
85 30
70 54
54 92
92 48
48 65
70 65
1 7
7 78
78 77
77 66
66 67
67 92
92 16
16 96
96 59
59 40
40 83
83 34
34 49
49 81
81 22
22 69
69 26
26 91
1 91
6 68
68 13
13 55
55 33
33 27
27 20
20 24
24 21
21 9
9 2
6 2
6 44
44 32
32 46
46 28
28 64
6 64
84 2
2 39
39 95
95 60
60 28
28 43
43 19
19 52
52 61
61 14
14 36
36 58
58 15
84 15
35 19
19 36
36 49
49 57
35 57
72 10
10 53
53 58
58 48
72 48
53 35
35 87
87 96
96 51
51 27
27 42
42 9
9 65
65 52
53 52
78 63
63 29
29 4
4 66
66 33
33 93
93 73
73 2
78 2
60 99
99 90
90 47
47 78
78 79
79 75
75 4
4 18
18 44
60 44
16 59
59 21
21 10
10 56
56 100
100 37
37 62
16 62
31 97
97 64
64 42
42 80
31 80
20 16
16 5
5 77
77 47
47 94
94 56
56 1
1 29
20 29
13 65
65 32
32 83
83 89
89 60
60 93
13 93
44 43
43 9
9 62
62 78
44 78
85 64
64 80
80 9
9 56
56 67
67 98
85 98
61 44
44 62
62 86
86 73
61 73
49 33
33 76
76 84
84 18
18 80
80 61
61 28
49 28
77 86
86 97
97 60
60 34
34 48
48 80
77 80
23 31
31 77
77 41
41 40
23 40
62 14
14 64
64 37
37 84
84 89
89 8
62 8
67 100
100 62
62 71
71 45
45 6
6 86
67 86
78 74
74 14
14 1
1 9
78 9
30 77
77 1
1 99
99 75
30 75
81 91
91 77
77 53
53 69
69 68
68 16
81 16
12 50
50 51
51 33
33 21
21 17
17 85
85 59
12 59
61 83
83 66
66 86
86 96
61 96
90 59
59 3
3 86
86 8
90 8
66 84
84 27
27 76
76 3
66 3
54 38
38 97
97 78
78 42
42 26
54 26
29 44
44 41
41 8
8 57
57 36
36 80
80 40
40 21
21 15
15 23
23 32
29 32
6 19
19 75
75 38
38 50
6 50
68 7
7 64
64 89
89 19
68 19
26 68
68 10
10 76
76 80
80 62
26 62
77 21
21 70
70 41
41 85
85 90
90 35
35 38
77 38
26 57
57 40
40 60
60 56
56 47
47 4
26 4
19 32
32 18
18 43
43 35
35 28
19 28
36 12
12 39
39 89
89 65
65 64
64 51
51 37
37 79
79 40
40 30
36 30
32 78
78 27
27 71
71 34
34 99
32 99
63 66
66 35
35 9
9 34
34 25
25 2
63 2
64 69
69 10
10 23
23 79
64 79
64 95
95 53
53 93
93 4
4 82
82 84
84 68
64 68
84 17
17 65
65 16
16 29
29 99
99 76
76 19
84 19
33 7
7 20
20 41
41 74
33 74
88 47
47 82
82 66
66 51
88 51
82 94
94 8
8 15
15 34
82 34
16 82
82 48
48 37
37 1
1 76
76 89
89 54
16 54
66 68
68 46
46 12
12 37
37 53
66 53
57 54
54 88
88 56
56 89
57 89
37 26
26 95
95 38
38 60
37 60
8 27
27 32
32 87
87 44
44 68
8 68
60 83
83 100
100 57
57 43
43 41
60 41
58 25
25 74
74 1
1 40
58 40
24 29
29 67
67 50
50 28
28 59
59 55
24 55
15 77
77 93
93 37
37 70
15 70
31 67
67 39
39 22
22 72
31 72
89 88
88 80
80 22
22 18
89 18
20 49
49 4
4 40
40 17
17 48
48 79
79 51
51 56
20 56
80 98
98 23
23 18
18 77
77 95
95 43
43 94
80 94
60 63
63 39
39 94
94 36
36 34
34 31
60 31
89 81
81 31
31 21
21 27
27 80
80 47
89 47
13 36
36 35
35 41
41 34
13 34
40 29
29 72
72 55
55 88
88 48
48 77
40 77
80 41
41 33
33 46
46 47
47 23
80 23
92 76
76 100
100 60
60 25
25 39
39 73
92 73
81 52
52 4
4 37
37 41
81 41
31 46
46 44
44 49
49 61
61 11
11 79
31 79
12 54
54 73
73 56
56 17
12 17
1 88
58 41
10 7
57 88
100 69
36 26
85 25
99 100
91 40
21 82
59 95
25 99
52 14
8 44
2 66
67 15
14 99
29 65
87 66
64 31
33 25
67 47
11 91
28 33
71 42
6 18
55 90
12 65
63 96
15 26
26 28
19 31
23 76
96 44
9 51
9 63
78 8
43 60
83 76
36 17
18 72
42 2
3 94
74 62
32 80
84 73
71 33
28 38
88 58
28 32
27 25
99 66
88 87
71 80
81 94
48 97
41 57
95 49
16 40
40 71
70 36
39 86
22 34
9 85
74 75
86 15
20 58
18 69
58 22
2 46
74 45
56 49
23 86
5 95
21 71
35 27
26 50
53 6
56 4
68 72
45 22
7 100
48 2
53 91
53 34
69 99
68 51
46 10
40 20
33 19
12 89
72 7
86 93
67 28
8 77
61 57
68 37
80 54
36 46
6 91
25 49
81 15
8 46
10 42
72 6
54 59
21 60
90 96
33 30
63 1
19 67
80 86
85 71
49 62
9 87
14 84
28 82
41 23
52 60
49 58
74 7
49 70
81 96
42 81
37 13
25 82
68 38
55 97
89 30
29 71
6 93
12 71
55 34
99 43
64 96
69 81
5 7
79 24
11 98
98 47
9 82
22 3
22 57
61 93
36 99
57 78
39 84
94 88
71 93
2 31
2 44
63 21
22 38
99 80
20 94
42 79
13 89
61 15
79 29
53 60
19 56
46 11
50 84
59 1
8 65
97 3
91 41
75 50
28 47
37 97
72 74
97 76
68 60
13 92
62 65
21 93
23 72
51 16
39 6
73 63
13 56
23 36
65 7
24 44
75 16
39 59
88 4
94 76
61 21
2 82
45 96
15 60
11 57
92 87
35 26
6 99
77 19
83 29
93 74
49 2
32 42
87 61
63 83
40 34
81 80
10 75
76 45
83 90
3 2
71 11
33 34
91 74
42 98
93 24
60 62
33 75
20 46
15 50
89 87
68 67
40 32
16 90
19 86
45 73
36 100
97 81
32 22
11 73
14 31
3 49
1 28
66 28
84 3
6 81
61 54
61 70
74 48
79 7
47 8
29 39
42 44
22 33
22 15
25 98
83 13
99 21
50 11
30 9
72 50
91 45
26 13
75 84
29 33
54 31
56 82
12 27
96 74
52 12
88 75
61 42
60 45
27 36
51 53
6 74
5 31
69 12
47 99
18 95
1 33
71 63
85 56
9 49
75 39
83 35
10 9
10 27
54 64
6 41
69 85
77 63
20 57
47 41
67 8
32 25
84 41
91 79
2 81
69 46
69 49
70 35
15 76
100 92
29 85
53 8
100 34
81 32
65 95
32 21
82 15
3 64
15 5
22 29
17 41
69 6
100 65
87 20
13 3
30 54
44 34
100 48
26 18
50 65
35 88
27 22
79 96
47 63
57 6
22 84
46 100
42 97
70 63
41 88
12 34
4 67
77 36
25 4
66 96
63 14
94 33
29 37
70 4
71 9
95 46
87 33
79 33
95 29
6 79
81 33
90 84
54 75
44 91
55 54
33 40
52 49
37 28
51 92
83 99
63 49
93 88
83 10
21 18
43 17
90 97
76 25
3 16
93 10
5 18
2 23
74 92
88 67
23 25
74 94
70 34
99 30
94 18
90 17
78 3
58 17
5 3
5 74
56 27
6 71
77 56
90 31
14 47
52 3
35 4
23 30
92 43
75 53
41 21
15 27
94 50
63 25
53 13
56 98
51 43
2 83
63 38
58 32
75 57
59 81
11 10
71 16
11 25
14 88
61 45
44 3
96 42
9 7
99 27
80 66
40 66
53 79
62 70
33 38
3 73
65 25
38 20
12 84
37 30
80 10
34 28
41 79
70 27
58 94
20 75
57 2
17 18
84 57
45 18
18 92
23 50
20 69
42 5
9 64
82 99
37 91
19 27
99 96
30 57
50 88
70 80
5 4
73 34
26 51
59 31
58 79
77 24
29 70
88 97
22 36
73 62
73 78
67 3
62 18
34 17
33 63
85 76
38 12
10 61
92 90
13 20
15 33
91 88
88 64
10 34
61 36
9 37
16 56
86 10
92 30
90 18
85 24
45 19
25 55
35 79
47 76
73 31
38 71
4 77
77 90
31 20
51 59
8 63
63 42
5 90
29 27
44 83
22 11
10 55
45 39
2 15
53 40
58 5
32 12
60 67
3 56
95 24
28 52
58 19
15 10
44 86
93 56
30 5
52 85
13 72
39 8
62 32
11 41
44 4
25 70
96 13
32 61
51 5
38 10
85 93
42 52
45 34
98 63
20 53
79 43
61 47
34 19
79 46
67 9
77 9
29 86
3 69
72 47
67 84
49 23
44 16
25 84
40 94
15 95
74 13
43 32
22 40
86 69
50 8
47 3
12 55
3 36
37 75
32 57
87 1
10 59
40 28
73 88
90 73
3 12
38 34
46 16
53 82
58 68
5 36
100 4
97 23
77 54
73 60
17 8
20 97
61 16
31 71
57 85
99 62
24 92
26 98
28 7
12 100
21 8
25 68
72 99
78 68
68 100
18 100
96 5
7 35
2 43
49 48
42 70
63 51
8 12
1 32
2 53
84 32
13 42
70 24
41 86
91 31
54 44
5 79
62 82
58 26
18 98
77 84
51 57
11 95
43 88
31 25
45 66
99 23
77 46
5 85
7 93
71 49
39 15
30 95
99 22
99 68
93 5
32 17
6 34
61 91
83 6
8 29
74 84
30 61
61 56
72 91
23 42
4 89
24 84
19 12
29 31
34 74
72 78
65 1
63 99
86 50
55 68
71 3
26 52
13 87
75 21
18 11
66 81
88 34
4 45
4 85
98 6
90 46
47 33
12 30
23 4
96 7
57 81
58 52
79 62
4 86
10 74
13 18
96 46
20 59
20 74
43 13
54 96
75 13
77 88
79 20
85 78
22 75
29 42
21 13
8 20
8 7
36 85
20 4
34 54
30 47
52 44
81 95
92 36
33 26
46 74
81 67
7 42
49 65
50 33
62 63
24 33
89 63
90 30
61 60
82 38
91 5
80 4
84 72
24 61
23 3
74 31
66 26
31 41
23 20
31 33
50 13
61 33
29 54
87 30
3 60
32 93
23 100
41 66
15 12
32 34
47 70
10 51
78 13
4 39
45 40
46 17
38 53
20 42
30 49
57 79
23 78
77 96
78 35
37 81
33 83
10 71
54 36
3 54
67 37
86 53
6 51
59 68
89 46
11 63
96 4
17 63
28 24
13 22
60 1
11 86
79 60
100 81
48 90
41 64
87 78
70 69
91 25
5 44
24 39
34 80
27 7
17 89
32 36
20 47
10 13
53 17
97 69
79 44
53 61
55 30
69 60
30 58
77 50
87 47
91 43
71 95
83 25
62 12
87 97
90 75
52 62
17 47
44 37
97 74
20 10
23 51
13 24
34 94
65 86
43 73
68 14
13 47
49 27
2 54
67 24
99 51
95 79
22 54
50 68
39 40
51 82
100 39
70 58
98 86
73 19
39 79
10 70
19 82
35 25
44 11
80 13
63 82
3 38
59 60
86 60
44 90
88 37
76 64
28 45
52 24
24 47
58 57
26 30
92 98
77 72
54 81
11 55
56 6
18 93
66 70
37 58
35 34
55 43
96 25
67 11
87 73
63 30
24 75
23 61
83 87
10 33
29 35
38 6
69 94
85 63
49 80
37 39
73 42
17 49
3 93
24 88
45 54
50 62
86 17
1 80
96 78
21 52
90 78
13 31
100 54
75 98
27 95
43 50
84 35
64 86
30 29
22 70
11 93
11 58
98 64
89 55
4 32
46 42
91 71
46 87
28 100
74 51
69 95
57 95
88 52
90 64
40 73
59 78
1 22
90 89
17 3
64 39
85 83
57 60
31 1
64 49
57 72
51 20
58 86
78 5
75 29
82 78
17 25
32 2
83 88
2 27
26 81
29 9
51 70
94 92
71 73
71 20
93 90
48 55
83 38
45 75
36 59
92 38
71 65
39 93
76 90
92 84
54 6
59 88
56 21
96 49
78 33
51 54
30 43
16 19
28 68
41 52
43 4
5 26
60 48
17 68
80 28
92 49
64 1
71 84
72 54
53 84
16 31
42 99
65 37
91 22
58 34
1 36
38 86
76 29
63 32
21 20
21 43
73 100
70 6
82 12
97 89
19 59
53 57
35 51
9 11
29 88
36 51
95 54
85 3
45 43
56 39
69 43
59 37
58 61
58 29
95 80
31 30
38 52
2 18
91 56
82 64
39 90
96 10
6 82
20 54
14 27
93 80
21 72
23 77
66 37
58 64
69 21
6 37
57 12
69 15
79 65
88 28
14 28
14 17
21 48
85 34
63 84
28 75
49 40
21 53
53 32
72 59
13 91
88 61
36 38
47 7
2 12
25 79
75 87
75 49
61 39
72 71
87 98
90 63
28 62
51 98
44 76
74 40
6 80
91 4
12 58
61 85
58 44
32 39
57 73
41 93
4 14
72 46
