20
18 14 7 12 11 9 16 3 12 9 13 17 2 14 6 17 12 18 8 10 
102
18 1
1 9
9 19
19 13
13 3
3 2
2 17
17 12
12 7
7 10
10 15
15 8
8 5
5 11
11 16
16 14
14 4
4 6
6 20
18 20
10 8
8 18
18 4
4 20
20 3
3 17
17 6
10 6
3 9
9 7
7 15
15 18
3 18
15 12
12 6
6 18
18 2
15 2
3 4
4 1
1 17
17 20
20 14
14 2
2 10
10 11
11 7
7 8
8 16
16 13
13 5
3 5
5 20
20 19
19 14
14 15
15 13
13 18
18 17
17 16
16 1
5 1
7 14
15 5
16 2
3 1
8 12
5 12
14 12
19 17
8 4
7 16
7 6
17 5
14 6
9 18
12 4
1 13
13 9
10 9
5 6
16 12
11 19
2 7
2 11
17 7
13 7
20 13
15 6
4 5
19 8
8 17
9 4
6 3
18 7
16 4
8 9
3 8
2 13
9 12
12 19
15 3
