111
4 2 3 4 5
2 6 7
3 8 9 10
3 11 12 13
2 14 15
3 16 17 18
2 19 20
1 21
2 22 23
2 24 25
2 26 27
3 28 29 30
3 31 32 33
1 34
2 35 36
2 37 38
3 39 40 41
1 42
0
4 43 44 45 46
2 47 48
1 49
0
0
3 50 51 52
2 53 54
2 55 56
3 57 58 59
0
2 60 61
0
2 62 63
2 64 65
2 66 67
0
3 68 69 70
2 71 72
1 73
0
3 74 75 76
0
2 77 78
0
2 79 80
3 81 82 83
0
2 84 85
0
2 80 86
1 87
3 88 89 90
0
0
2 91 93
3 92 94 95
2 96 97
0
0
0
0
2 98 99
1 100
2 101 102
0
3 103 104 105
0
2 106 107
0
2 108 109
2 110 111
0
0
0
0
0
0
0
0
0
0
0
0
0
0
0
0
0
0
0
0
0
0
0
0
0
0
0
0
0
0
0
0
0
0
0
0
0



